,close,date,high,low,market_cap,open,volume
0,0.006638,"Jun 08, 2018",0.006965,0.006439,"643,342",0.006530,"16,497"
1,0.006525,"Jun 07, 2018",0.007361,0.006508,"716,516",0.007274,"21,361"
2,0.007497,"Jun 06, 2018",0.007502,0.006376,"653,270",0.006633,"21,673"
3,0.006635,"Jun 05, 2018",0.007322,0.006319,"642,761",0.006527,"12,523"
4,0.006524,"Jun 04, 2018",0.007799,0.006292,"766,634",0.007786,"9,031"
5,0.007782,"Jun 03, 2018",0.007880,0.007226,"729,097",0.007406,"2,545"
6,0.007785,"Jun 02, 2018",0.008019,0.007470,"739,902",0.007517,"9,128"
7,0.007520,"Jun 01, 2018",0.008100,0.006970,"700,471",0.007117,"13,698"
8,0.007112,"May 31, 2018",0.007844,0.006246,"661,126",0.006718,"14,234"
9,0.006424,"May 30, 2018",0.007547,0.006219,"711,999",0.007244,"17,399"
10,0.007388,"May 29, 2018",0.007832,0.007345,"734,666",0.007474,"8,079"
11,0.007477,"May 28, 2018",0.007930,0.007383,"765,321",0.007786,"3,019"
12,0.007784,"May 27, 2018",0.008044,0.007702,"771,438",0.007849,"7,291"
13,0.007845,"May 26, 2018",0.008305,0.007803,"792,751",0.008065,"10,040"
14,0.008076,"May 25, 2018",0.008341,0.007784,"787,949",0.008017,"6,848"
15,0.008001,"May 24, 2018",0.008136,0.007640,"760,607",0.007738,"11,710"
16,0.007758,"May 23, 2018",0.008559,0.007541,"788,014",0.008017,"20,632"
17,0.008025,"May 22, 2018",0.008902,0.007855,"867,676",0.008828,"25,386"
18,0.008830,"May 21, 2018",0.010452,0.008547,"921,776",0.009380,"50,316"
19,0.009539,"May 20, 2018",0.009766,0.008715,"866,864",0.008823,"17,968"
20,0.008816,"May 19, 2018",0.009579,0.008794,"914,624",0.009310,"19,166"
21,0.009147,"May 18, 2018",0.009258,0.008366,"864,897",0.008805,"24,857"
22,0.008797,"May 17, 2018",0.010820,0.008590,"959,305",0.009768,"40,942"
23,0.009762,"May 16, 2018",0.011065,0.009145,"1,008,270",0.010268,"67,172"
24,0.010273,"May 15, 2018",0.011833,0.010108,"1,098,670",0.011190,"45,011"
25,0.011383,"May 14, 2018",0.013750,0.010666,"1,099,960",0.011204,"200,182"
26,0.011206,"May 13, 2018",0.013310,0.011052,"1,221,820",0.012448,"80,363"
27,0.012452,"May 12, 2018",0.012699,0.011135,"1,145,820",0.011675,"19,713"
28,0.011709,"May 11, 2018",0.013331,0.011260,"1,269,580",0.012938,"23,026"
29,0.012922,"May 10, 2018",0.016765,0.012542,"1,498,590",0.015274,"41,156"
30,0.015278,"May 09, 2018",0.018432,0.014117,"1,767,370",0.018016,"41,774"
31,0.018227,"May 08, 2018",0.027428,0.016097,"2,112,050",0.021532,"124,552"
32,0.021487,"May 07, 2018",0.023348,0.011564,"1,244,400",0.012690,"130,309"
33,0.012681,"May 06, 2018",0.016210,0.010868,"1,088,740",0.011106,"47,076"
34,0.010902,"May 05, 2018",0.011154,0.009774,"959,648",0.009790,"15,715"
35,0.009794,"May 04, 2018",0.010695,0.009181,"917,361",0.009358,"14,499"
36,0.009361,"May 03, 2018",0.010529,0.009361,"1,021,130",0.010418,"26,536"
37,0.010417,"May 02, 2018",0.011651,0.009567,"1,077,150",0.010991,"31,655"
38,0.011007,"May 01, 2018",0.011057,0.009446,"996,066",0.010165,"11,903"
39,0.010156,"Apr 30, 2018",0.011582,0.010023,"1,031,670",0.010530,"15,918"
40,0.010533,"Apr 29, 2018",0.012180,0.009394,"952,129",0.009719,"14,605"
41,0.009723,"Apr 28, 2018",0.010143,0.007222,"934,404",0.009540,"94,734"
42,0.009573,"Apr 27, 2018",0.012000,0.009155,"1,047,090",0.010692,"45,317"
43,0.010677,"Apr 26, 2018",0.012907,0.010630,"1,215,020",0.012408,"52,253"
44,0.012306,"Apr 25, 2018",0.015436,0.012143,"1,291,330",0.013189,"27,936"
45,0.013280,"Apr 24, 2018",0.015053,0.011464,"1,205,700",0.012316,"63,545"
46,0.012306,"Apr 23, 2018",0.013974,0.011580,"1,280,650",0.013084,"41,269"
47,0.013110,"Apr 22, 2018",0.015267,0.012782,"1,494,150",0.015267,"14,488"
48,0.015267,"Apr 21, 2018",0.016332,0.014605,"1,436,220",0.014678,"7,399"
49,0.014672,"Apr 20, 2018",0.015668,0.013506,"1,391,480",0.014222,"8,377"
50,0.014213,"Apr 19, 2018",0.014290,0.012683,"1,349,750",0.013798,"15,320"
51,0.013787,"Apr 18, 2018",0.014904,0.013173,"1,289,770",0.013187,"5,558"
52,0.013174,"Apr 17, 2018",0.017148,0.012709,"1,401,230",0.014328,"40,923"
53,0.014321,"Apr 16, 2018",0.015796,0.013287,"1,387,230",0.014187,"10,978"
54,0.014193,"Apr 15, 2018",0.016591,0.014143,"1,603,650",0.016403,"16,861"
55,0.016385,"Apr 14, 2018",0.017161,0.016348,"1,645,720",0.016835,"6,654"
56,0.016521,"Apr 13, 2018",0.018059,0.016521,"1,687,180",0.017262,"13,713"
57,0.017240,"Apr 12, 2018",0.017330,0.014336,"1,486,670",0.015213,"8,042"
58,0.015249,"Apr 11, 2018",0.016446,0.014576,"1,468,440",0.015028,"38,949"
59,0.015014,"Apr 10, 2018",0.015297,0.014212,"1,492,690",0.015279,"23,023"
60,0.015266,"Apr 09, 2018",0.016286,0.014057,"1,558,430",0.015954,"22,569"
61,0.015928,"Apr 08, 2018",0.016823,0.015545,"1,535,260",0.015719,"6,909"
62,0.015704,"Apr 07, 2018",0.017075,0.015020,"1,469,000",0.015043,"8,653"
63,0.015024,"Apr 06, 2018",0.016776,0.014711,"1,614,490",0.016535,"8,824"
64,0.016619,"Apr 05, 2018",0.016834,0.014891,"1,584,750",0.016232,"18,981"
65,0.016497,"Apr 04, 2018",0.018875,0.016119,"1,708,520",0.017503,"60,759"
66,0.017441,"Apr 03, 2018",0.021037,0.016592,"1,981,460",0.020302,"129,704"
67,0.019935,"Apr 02, 2018",0.024002,0.015257,"1,511,940",0.015493,"280,582"
68,0.015417,"Apr 01, 2018",0.017068,0.014083,"1,527,970",0.015660,"175,424"
69,0.015660,"Mar 31, 2018",0.017490,0.014422,"1,474,140",0.015110,"89,431"
70,0.015108,"Mar 30, 2018",0.015480,0.013537,"1,444,160",0.014805,"10,985"
71,0.014842,"Mar 29, 2018",0.017456,0.014421,"1,595,520",0.016359,"7,824"
72,0.016340,"Mar 28, 2018",0.017709,0.016282,"1,678,320",0.017210,"13,584"
73,0.017214,"Mar 27, 2018",0.019127,0.016548,"1,800,480",0.018466,"25,347"
74,0.018494,"Mar 26, 2018",0.019970,0.017740,"1,834,850",0.018821,"8,372"
75,0.018835,"Mar 25, 2018",0.020304,0.017977,"1,831,660",0.018791,"6,490"
76,0.019053,"Mar 24, 2018",0.022403,0.018240,"1,840,620",0.018885,"15,331"
77,0.018614,"Mar 23, 2018",0.020307,0.017456,"1,927,730",0.019782,"9,246"
78,0.019783,"Mar 22, 2018",0.022554,0.018488,"2,080,010",0.021348,"11,802"
79,0.022367,"Mar 21, 2018",0.022367,0.018318,"1,969,150",0.020213,"19,654"
80,0.020176,"Mar 20, 2018",0.022776,0.017729,"1,789,110",0.018367,"13,551"
81,0.018165,"Mar 19, 2018",0.019395,0.017289,"1,834,650",0.018838,"8,857"
82,0.018917,"Mar 18, 2018",0.020162,0.015994,"1,712,610",0.017587,"14,147"
83,0.017630,"Mar 17, 2018",0.020413,0.017354,"1,980,250",0.020338,"27,059"
84,0.020305,"Mar 16, 2018",0.021233,0.019163,"1,970,230",0.020238,"9,019"
85,0.020250,"Mar 15, 2018",0.021638,0.019981,"2,093,000",0.021503,"16,772"
86,0.021512,"Mar 14, 2018",0.025363,0.020949,"2,422,050",0.024887,"12,888"
87,0.024883,"Mar 13, 2018",0.027672,0.024388,"2,432,160",0.024994,"16,130"
88,0.025230,"Mar 12, 2018",0.029276,0.024148,"2,535,470",0.026059,"10,845"
89,0.026715,"Mar 11, 2018",0.028109,0.023260,"2,432,970",0.025010,"8,815"
90,0.025096,"Mar 10, 2018",0.027098,0.024083,"2,440,810",0.025094,"15,969"
91,0.025083,"Mar 09, 2018",0.025973,0.021974,"2,367,590",0.024344,"19,135"
92,0.024500,"Mar 08, 2018",0.032150,0.024408,"2,481,320",0.025517,"32,072"
93,0.025554,"Mar 07, 2018",0.030559,0.024557,"2,917,990",0.030012,"18,914"
94,0.030051,"Mar 06, 2018",0.032827,0.027932,"3,098,000",0.031868,"34,125"
95,0.031957,"Mar 05, 2018",0.032367,0.028555,"2,786,410",0.028667,"20,752"
96,0.028688,"Mar 04, 2018",0.031831,0.028551,"3,023,690",0.031113,"9,963"
97,0.031167,"Mar 03, 2018",0.034575,0.029747,"2,890,550",0.029747,"7,211"
98,0.029784,"Mar 02, 2018",0.034971,0.029131,"2,850,580",0.029340,"21,900"
99,0.029416,"Mar 01, 2018",0.034729,0.025970,"2,958,700",0.030457,"32,419"
100,0.030412,"Feb 28, 2018",0.034733,0.026693,"3,221,240",0.033165,"23,284"
101,0.033204,"Feb 27, 2018",0.039530,0.028903,"3,484,920",0.035885,"35,261"
102,0.036501,"Feb 26, 2018",0.038684,0.033591,"3,704,410",0.038150,"28,821"
103,0.038101,"Feb 25, 2018",0.038534,0.033412,"3,343,170",0.034435,"16,818"
104,0.034487,"Feb 24, 2018",0.038324,0.033462,"3,713,320",0.038253,"13,427"
105,0.038301,"Feb 23, 2018",0.040965,0.034827,"3,420,920",0.035246,"17,694"
106,0.035279,"Feb 22, 2018",0.047063,0.032326,"3,141,070",0.032367,"36,376"
107,0.032400,"Feb 21, 2018",0.045967,0.030522,"4,277,090",0.044080,"31,090"
108,0.043583,"Feb 20, 2018",0.052388,0.041777,"4,413,040",0.045487,"55,125"
109,0.045446,"Feb 19, 2018",0.052390,0.044220,"4,873,850",0.050244,"49,234"
110,0.050471,"Feb 18, 2018",0.055402,0.045962,"5,358,450",0.055248,"52,605"
111,0.055300,"Feb 17, 2018",0.055300,0.039848,"3,904,720",0.040265,"130,070"
112,0.038235,"Feb 16, 2018",0.040443,0.032853,"3,845,460",0.039660,"62,031"
113,0.038109,"Feb 15, 2018",0.049902,0.038109,"4,363,370",0.045008,"70,530"
114,0.044983,"Feb 14, 2018",0.046297,0.041416,"4,159,190",0.042908,"47,546"
115,0.044657,"Feb 13, 2018",0.051275,0.040143,"4,257,460",0.043928,"70,602"
116,0.043848,"Feb 12, 2018",0.047318,0.040206,"3,896,170",0.040206,"24,448"
117,0.039946,"Feb 11, 2018",0.046091,0.039886,"4,465,860",0.046091,"33,918"
118,0.044334,"Feb 10, 2018",0.048865,0.042068,"4,428,090",0.045708,"68,015"
119,0.044807,"Feb 09, 2018",0.053581,0.042700,"4,933,540",0.050933,"52,419"
120,0.050777,"Feb 08, 2018",0.056018,0.047341,"4,651,290",0.048026,"70,689"
121,0.048219,"Feb 07, 2018",0.059322,0.047380,"5,217,560",0.053880,"108,451"
122,0.053024,"Feb 06, 2018",0.053307,0.030825,"3,837,680",0.039636,"116,233"
123,0.040140,"Feb 05, 2018",0.065493,0.037956,"6,170,280",0.063737,"113,941"
124,0.064361,"Feb 04, 2018",0.078640,0.060640,"7,345,860",0.075892,"60,041"
125,0.075391,"Feb 03, 2018",0.083043,0.068825,"8,036,900",0.083043,"126,005"
126,0.082760,"Feb 02, 2018",0.083972,0.062307,"7,341,030",0.075863,"176,971"
127,0.076020,"Feb 01, 2018",0.093202,0.074149,"8,519,570",0.088055,"180,103"
128,0.087851,"Jan 31, 2018",0.099602,0.084697,"9,127,480",0.094352,"175,965"
129,0.094204,"Jan 30, 2018",0.109258,0.079775,"10,521,900",0.108782,"375,613"
130,0.108635,"Jan 29, 2018",0.131006,0.107137,"12,362,600",0.127830,"295,981"
131,0.130042,"Jan 28, 2018",0.152055,0.122348,"12,739,400",0.131746,"442,982"
132,0.129031,"Jan 27, 2018",0.155194,0.129031,"13,940,600",0.144189,"553,226"
133,0.141279,"Jan 26, 2018",0.163027,0.128723,"14,229,800",0.147201,"929,153"
134,0.147481,"Jan 25, 2018",0.160341,0.120150,"15,276,500",0.158052,"1,092,080"
135,0.150330,"Jan 24, 2018",0.164630,0.121479,"15,039,200",0.155619,"1,070,770"
136,0.158522,"Jan 23, 2018",0.181725,0.108064,"11,346,900",0.117430,"2,106,510"
137,0.117742,"Jan 22, 2018",0.137990,0.102150,"9,869,060",0.102150,"1,395,360"
138,0.102834,"Jan 21, 2018",0.105689,0.082524,"10,209,500",0.105689,"338,838"
139,0.105951,"Jan 20, 2018",0.113004,0.096650,"10,062,100",0.104178,"353,249"
140,0.102254,"Jan 19, 2018",0.105520,0.072891,"7,285,500",0.075442,"506,434"
141,0.076243,"Jan 18, 2018",0.101213,0.061711,"5,958,660",0.061711,"238,379"
142,0.061474,"Jan 17, 2018",0.089025,0.049516,"8,292,540",0.085894,"117,929"
143,0.086333,"Jan 16, 2018",0.101531,0.060496,"9,800,760",0.101531,"249,344"
144,0.100313,"Jan 15, 2018",0.117020,0.098438,"9,790,150",0.101436,"243,831"
145,0.100660,"Jan 14, 2018",0.128387,0.097006,"11,436,600",0.118512,"272,346"
146,0.119867,"Jan 13, 2018",0.143197,0.098770,"9,530,070",0.098770,"1,016,980"
147,0.097214,"Jan 12, 2018",0.108924,0.078100,"8,955,910",0.092834,"552,760"
148,0.092358,"Jan 11, 2018",0.130766,0.075469,"11,105,600",0.115132,"792,337"
149,0.113027,"Jan 10, 2018",0.198513,0.073196,"13,684,100",0.141883,"1,680,280"
150,0.138199,"Jan 09, 2018",0.149180,0.064262,"8,052,610",0.083506,"1,570,140"
151,0.090498,"Jan 08, 2018",0.134274,0.026914,"2,606,610",0.027034,"691,456"
152,0.027072,"Jan 07, 2018",0.028736,0.023664,"2,421,020",0.025113,"25,865"
153,0.025817,"Jan 06, 2018",0.027491,0.021691,"2,235,560",0.023193,"29,624"
154,0.023190,"Jan 05, 2018",0.024231,0.018224,"1,880,490",0.019512,"19,903"
155,0.019500,"Jan 04, 2018",0.023854,0.017716,"2,143,550",0.022245,"17,984"
156,0.022127,"Jan 03, 2018",0.022677,0.018005,"2,165,340",0.022474,"6,328"
157,0.022538,"Jan 02, 2018",0.023349,0.019600,"2,001,120",0.020773,"3,732"
158,0.020775,"Jan 01, 2018",0.023542,0.016389,"2,024,400",0.021017,"17,238"
159,0.020835,"Dec 31, 2017",0.022274,0.017423,"1,969,750",0.020453,"9,666"
160,0.020651,"Dec 30, 2017",0.023018,0.018126,"2,176,520",0.022603,"4,920"
161,0.022116,"Dec 29, 2017",0.026758,0.021443,"2,344,390",0.024350,"16,991"
162,0.024103,"Dec 28, 2017",0.043967,0.022829,"2,373,330",0.024654,"6,400"
163,0.024699,"Dec 27, 2017",0.055988,0.023648,"2,927,270",0.030413,"21,772"
164,0.030384,"Dec 26, 2017",0.030384,0.018394,"1,770,180",0.018394,"24,905"
165,0.018408,"Dec 25, 2017",0.019520,0.016407,"1,774,980",0.018447,"3,908"
166,0.018260,"Dec 24, 2017",0.018855,0.015313,"1,663,720",0.017293,"23,656"
167,0.017123,"Dec 23, 2017",0.032877,0.015136,"1,582,170",0.016448,"47,545"
168,0.016298,"Dec 22, 2017",0.018351,0.012309,"1,689,700",0.017568,"14,994"
169,0.017508,"Dec 21, 2017",0.025144,0.015854,"1,524,660",0.015854,"17,994"
170,0.015823,"Dec 20, 2017",0.024210,0.015466,"2,200,020",0.022881,"15,078"
171,0.022889,"Dec 19, 2017",0.024189,0.019148,"2,317,300",0.024104,"24,377"
172,0.024087,"Dec 18, 2017",0.027918,0.019710,"2,272,000",0.023636,"17,429"
173,0.023568,"Dec 17, 2017",0.027937,0.020923,"2,685,090",0.027937,"11,126"
174,0.027223,"Dec 16, 2017",0.041500,0.021641,"2,316,410",0.024105,"35,438"
175,0.024071,"Dec 15, 2017",0.027581,0.018503,"2,453,650",0.025537,"16,464"
176,0.025501,"Dec 14, 2017",0.032748,0.019927,"3,131,970",0.032601,"24,611"
177,0.032646,"Dec 13, 2017",0.033958,0.027136,"3,060,050",0.031857,"3,544"
178,0.031803,"Dec 12, 2017",0.053215,0.026610,"4,321,210",0.044993,"9,349"
179,0.044898,"Dec 11, 2017",0.046019,0.020580,"3,209,330",0.033421,"31,140"
180,0.033656,"Dec 10, 2017",0.036220,0.029583,"3,173,610",0.033054,"3,242"
181,0.032937,"Dec 09, 2017",0.034775,0.028337,"2,918,620",0.030402,"4,913"
182,0.030411,"Dec 08, 2017",0.041184,0.013251,"3,822,820",0.039827,"15,694"
183,0.039753,"Dec 07, 2017",0.053319,0.031488,"3,227,060",0.033625,"41,605"
184,0.033684,"Dec 06, 2017",0.038278,0.029535,"3,452,950",0.035984,"16,325"
185,0.036066,"Dec 05, 2017",0.040353,0.034724,"3,858,340",0.040215,"6,911"
186,0.040136,"Dec 04, 2017",0.043194,0.036162,"3,664,210",0.038197,"16,213"
187,0.038069,"Dec 03, 2017",0.043430,0.034299,"3,571,130",0.037232,"18,605"
188,0.037308,"Dec 02, 2017",0.041159,0.034617,"3,913,520",0.040807,"23,958"
189,0.037864,"Dec 01, 2017",0.037902,0.028116,"3,077,640",0.032096,"11,763"
190,0.032259,"Nov 30, 2017",0.035926,0.029288,"3,183,860",0.033209,"12,497"
191,0.032721,"Nov 29, 2017",0.040399,0.032018,"3,163,970",0.033006,"8,867"
192,0.033038,"Nov 28, 2017",0.037848,0.033004,"3,391,620",0.035386,"17,404"
193,0.035295,"Nov 27, 2017",0.039582,0.034238,"3,562,080",0.037170,"12,431"
194,0.037163,"Nov 26, 2017",0.038478,0.030743,"2,949,030",0.030777,"17,510"
195,0.030788,"Nov 25, 2017",0.034600,0.030255,"3,155,860",0.032940,"16,220"
196,0.033006,"Nov 24, 2017",0.033628,0.028861,"3,205,240",0.033462,"12,261"
197,0.033508,"Nov 23, 2017",0.034617,0.031032,"3,197,050",0.033380,"9,640"
198,0.033395,"Nov 22, 2017",0.044290,0.029360,"4,061,520",0.042425,"22,995"
199,0.042394,"Nov 21, 2017",0.050757,0.031305,"4,837,870",0.050535,"22,178"
200,0.050606,"Nov 20, 2017",0.050606,0.030209,"3,010,410",0.031446,"7,629"
201,0.031685,"Nov 19, 2017",0.034267,0.023689,"3,069,450",0.032067,"13,000"
202,0.032126,"Nov 18, 2017",0.034191,0.023819,"2,964,470",0.030974,"11,735"
203,0.031083,"Nov 17, 2017",0.036943,0.025508,"3,065,910",0.032039,"21,278"
204,0.032090,"Nov 16, 2017",0.072656,0.031879,"6,283,300",0.065671,"6,168"
205,0.065712,"Nov 15, 2017",0.065716,0.026383,"4,892,370",0.051140,"101,553"
206,0.051132,"Nov 14, 2017",0.051665,0.025829,"2,470,580",0.025829,"32,176"
207,0.025780,"Nov 13, 2017",0.039217,0.025559,"3,524,920",0.036857,"19,810"
208,0.036658,"Nov 12, 2017",0.072903,0.035969,"5,096,210",0.053295,"26,091"
209,0.053315,"Nov 11, 2017",0.151501,0.019047,"315,595",0.024627,"44,372"
210,0.024684,"Nov 10, 2017",0.039171,0.021175,"478,759",0.037359,"21,954"
211,0.037490,"Nov 09, 2017",0.040459,0.020852,"501,538",0.039136,"14,904"
212,0.039173,"Nov 08, 2017",0.041548,0.022282,"514,642",0.040159,"9,335"
213,0.040285,"Nov 07, 2017",0.040705,0.020625,"430,221",0.033571,"11,341"
214,0.033625,"Nov 06, 2017",0.047319,0.022270,"288,441",0.022508,"10,007"
215,0.022458,"Nov 05, 2017",0.030973,0.022211,"365,397",0.028513,"1,828"
216,0.028566,"Nov 04, 2017",0.031248,0.022780,"400,450",0.031248,"1,866"
217,0.031329,"Nov 03, 2017",0.042060,0.019063,"244,297",0.019063,"34,028"
218,0.019087,"Nov 02, 2017",0.025235,0.017020,"314,920",0.024574,"7,832"
219,0.024547,"Nov 01, 2017",0.028194,0.019141,"352,536",0.027509,"1,576"
220,0.027530,"Oct 31, 2017",0.027530,0.018549,"237,710",0.018549,"2,903"
221,0.018606,"Oct 30, 2017",0.026457,0.016606,"296,642",0.023148,"2,667"
222,0.023284,"Oct 29, 2017",0.026405,0.022404,"328,765",0.025654,"2,062"
223,0.025778,"Oct 28, 2017",0.027009,0.023855,"305,712",0.023855,"4,978"
224,0.023792,"Oct 27, 2017",0.029229,0.022539,"336,436",0.026253,"4,467"
225,0.026251,"Oct 26, 2017",0.030468,0.024639,"369,606",0.028841,"2,402"
226,0.028845,"Oct 25, 2017",0.036085,0.026706,"458,563",0.035783,"6,181"
227,0.035768,"Oct 24, 2017",0.038742,0.028923,"438,929",0.034251,"8,718"
228,0.034326,"Oct 23, 2017",0.042700,0.029642,"547,036",0.042687,"2,922"
229,0.042752,"Oct 22, 2017",0.060975,0.033563,"674,054",0.052598,"13,688"
230,0.060484,"Oct 21, 2017",0.066092,0.028674,"835,693",0.065211,"57,867"
231,0.066165,"Oct 20, 2017",0.068750,0.025310,"530,266",0.041378,"19,140"
232,0.041370,"Oct 19, 2017",0.059549,0.024791,"730,845",0.057029,"18,138"
233,0.056971,"Oct 18, 2017",0.057283,0.025365,"396,150",0.030912,"23,427"
234,0.031036,"Oct 17, 2017",0.049043,0.029561,"444,633",0.034696,"12,363"
235,0.034691,"Oct 16, 2017",0.049353,0.033500,"513,000",0.040031,"15,748"
236,0.040025,"Oct 15, 2017",0.056963,0.034240,"721,095",0.056269,"9,735"
237,0.056169,"Oct 14, 2017",0.057719,0.027627,"602,305",0.046999,"38,888"
238,0.048461,"Oct 13, 2017",0.048557,0.023162,"583,013",0.045494,"31,625"
239,0.045222,"Oct 12, 2017",0.223519,0.016084,"340,045",0.026534,"55,916"
240,0.026513,"Oct 11, 2017",0.030041,0.026382,"375,373",0.029291,"1,585"
241,0.029296,"Oct 10, 2017",0.033540,0.026787,"414,055",0.032310,"1,967"
242,0.032312,"Oct 09, 2017",0.037141,0.032312,"456,832",0.035648,"1,612"
243,0.035648,"Oct 08, 2017",0.035792,0.027789,"444,474",0.034683,"3,678"
244,0.034776,"Oct 07, 2017",0.049043,0.026717,"622,967",0.048612,"2,966"
245,0.048596,"Oct 06, 2017",0.048732,0.026803,"420,202",0.032789,"11,484"
246,0.032792,"Oct 05, 2017",0.036874,0.032051,"426,872",0.033310,"5,895"
247,0.033304,"Oct 04, 2017",0.045248,0.033304,"517,723",0.040399,718
248,0.040306,"Oct 03, 2017",0.050857,0.034546,"649,342",0.050670,"6,182"
249,0.050668,"Oct 02, 2017",0.053021,0.033711,"484,283",0.037790,"8,781"
250,0.037804,"Oct 01, 2017",0.039925,0.034645,"485,167",0.037859,"2,065"
251,0.037838,"Sep 30, 2017",0.047206,0.033724,"587,722",0.045861,"11,296"
252,0.045856,"Sep 29, 2017",0.046400,0.037073,"590,060",0.046044,"6,043"
253,0.046079,"Sep 28, 2017",0.050364,0.035740,"640,548",0.049983,"7,299"
254,0.049982,"Sep 27, 2017",0.062796,0.043150,"715,304",0.055817,"8,290"
255,0.055973,"Sep 26, 2017",0.056860,0.038581,"512,501",0.039992,"18,555"
256,0.040000,"Sep 25, 2017",0.044490,0.038743,"546,788",0.042667,"6,005"
257,0.042709,"Sep 24, 2017",0.043679,0.039112,"503,185",0.039265,"2,916"
258,0.039268,"Sep 23, 2017",0.042337,0.037006,"511,477",0.039912,"3,077"
259,0.040034,"Sep 22, 2017",0.041145,0.035445,"516,238",0.040283,"3,881"
260,0.040403,"Sep 21, 2017",0.044113,0.036282,"531,786",0.041496,"6,175"
261,0.041701,"Sep 20, 2017",0.045357,0.039404,"506,491",0.039523,"3,215"
262,0.039578,"Sep 19, 2017",0.046300,0.038926,"587,362",0.045833,"5,423"
263,0.045725,"Sep 18, 2017",0.047174,0.036323,"529,205",0.041295,"3,454"
264,0.041370,"Sep 17, 2017",0.042585,0.036366,"543,488",0.042410,"3,259"
265,0.042426,"Sep 16, 2017",0.044318,0.040172,"540,025",0.042139,"2,799"
266,0.042247,"Sep 15, 2017",0.057263,0.029015,"404,800",0.031587,"21,794"
267,0.031344,"Sep 14, 2017",0.041116,0.031344,"487,434",0.038036,"9,687"
268,0.038449,"Sep 13, 2017",0.106344,0.035457,"1,357,870",0.105958,"3,500"
269,0.106362,"Sep 12, 2017",0.111439,0.032626,"576,839",0.045012,"58,226"
270,0.045027,"Sep 11, 2017",0.045150,0.035395,"460,509",0.035935,"3,115"
271,0.035773,"Sep 10, 2017",0.043070,0.035773,"503,941",0.039324,"1,355"
272,0.039411,"Sep 09, 2017",0.043353,0.034067,"451,862",0.035260,"2,682"
273,0.042875,"Sep 08, 2017",0.046555,0.032636,"525,568",0.041011,"5,327"
274,0.041386,"Sep 07, 2017",0.251847,0.027167,"3,227,470",0.251847,"7,256"
275,0.252362,"Sep 06, 2017",0.364036,0.038445,"559,028",0.043622,"13,703"
276,0.043563,"Sep 05, 2017",0.062690,0.033523,"459,906",0.035888,"12,046"
277,0.038676,"Sep 04, 2017",0.048674,0.032677,"588,957",0.045958,"6,296"
278,0.045942,"Sep 03, 2017",0.048541,0.033359,"508,392",0.039671,"5,800"
279,0.039643,"Sep 02, 2017",0.053550,0.036632,"684,991",0.053451,939
280,0.053385,"Sep 01, 2017",0.071505,0.028994,"685,614",0.053500,"18,323"
281,0.053491,"Aug 31, 2017",0.065254,0.047691,"824,344",0.064325,"12,574"
282,0.064437,"Aug 30, 2017",0.064588,0.053634,"806,619",0.062942,"13,160"
283,0.063030,"Aug 29, 2017",0.065100,0.061024,"826,624",0.064503,"4,492"
284,0.064392,"Aug 28, 2017",0.067106,0.058795,"859,984",0.067106,"4,312"
285,0.067038,"Aug 27, 2017",0.069803,0.057651,"756,734",0.059050,"3,866"
286,0.059065,"Aug 26, 2017",0.065676,0.059053,"793,491",0.061918,"1,889"
287,0.061799,"Aug 25, 2017",0.082049,0.060445,"1,038,780",0.081059,"2,342"
288,0.080079,"Aug 24, 2017",0.083446,0.068679,"880,470",0.068705,"4,706"
289,0.068655,"Aug 23, 2017",0.078298,0.057787,"195,549",0.069462,"7,493"
290,0.069603,"Aug 22, 2017",0.080377,0.062603,"225,433",0.080077,"9,630"
291,0.079888,"Aug 21, 2017",0.111611,0.064409,"253,405",0.090013,"7,372"
292,0.090357,"Aug 20, 2017",0.120141,0.080468,"338,221",0.120141,"7,974"
293,0.120655,"Aug 19, 2017",0.120853,0.065247,"207,830",0.073824,"31,228"
294,0.073775,"Aug 18, 2017",0.088742,0.062495,"227,629",0.080857,"13,598"
295,0.081088,"Aug 17, 2017",0.090554,0.070665,"242,887",0.086277,"2,489"
296,0.086355,"Aug 16, 2017",0.122671,0.065702,"342,681",0.121725,"13,338"
297,0.121591,"Aug 15, 2017",0.158663,0.081673,"284,544",0.101074,"20,075"
298,0.100803,"Aug 14, 2017",0.176017,0.091300,"289,587",0.102865,"27,196"
299,0.102799,"Aug 13, 2017",0.125089,0.090067,"295,128",0.104834,"2,228"
300,0.104931,"Aug 12, 2017",0.146929,0.068834,"249,672",0.088687,"13,791"
301,0.083793,"Aug 11, 2017",0.141165,0.082519,"375,466",0.133371,"8,420"
302,0.133379,"Aug 10, 2017",0.161380,0.112739,"380,894",0.135299,"9,919"
303,0.135286,"Aug 09, 2017",0.137697,0.102355,"315,844",0.112192,"16,821"
304,0.112268,"Aug 08, 2017",0.669028,0.066340,"615,939",0.218790,"12,981"
305,0.218569,"Aug 07, 2017",0.241838,0.137008,"678,534",0.241025,"6,168"
306,0.241564,"Aug 06, 2017",0.270059,0.164108,"751,515",0.266948,"3,023"
307,0.266884,"Aug 05, 2017",0.292553,0.182646,"561,029",0.199285,"1,346"
308,0.199374,"Aug 04, 2017",0.260036,0.169976,"694,322",0.246633,"1,663"
309,0.246806,"Aug 03, 2017",0.268021,0.197033,"611,080",0.217064,"3,795"
310,0.216815,"Aug 02, 2017",0.270703,0.202578,"729,346",0.259074,894
311,0.259123,"Aug 01, 2017",0.273723,0.209544,"694,982",0.246867,"2,053"
312,0.246748,"Jul 31, 2017",0.281974,0.212181,"667,667",0.237165,"5,589"
313,0.236922,"Jul 30, 2017",0.292047,0.236455,"804,791",0.285873,"2,234"
314,0.283265,"Jul 29, 2017",0.293449,0.271045,"823,866",0.292649,"2,038"
315,0.293629,"Jul 28, 2017",0.452822,0.276269,"789,551",0.280460,"14,250"
316,0.277821,"Jul 27, 2017",0.316963,0.268761,"830,181",0.294892,"24,781"
317,0.279097,"Jul 26, 2017",0.301417,0.246085,"834,568",0.296450,"5,380"
318,0.271617,"Jul 25, 2017",0.325074,0.235048,"773,239",0.274665,"27,112"
319,0.274694,"Jul 24, 2017",0.343640,0.238849,"774,690",0.275181,"4,163"
320,0.275501,"Jul 23, 2017",0.330748,0.251945,"876,670",0.311406,"4,224"
321,0.311405,"Jul 22, 2017",0.342516,0.267218,"797,876",0.283417,"5,938"
322,0.283474,"Jul 21, 2017",0.369796,0.271837,"868,522",0.308511,"2,419"
323,0.306236,"Jul 20, 2017",0.339994,0.277436,"847,748",0.301132,"11,891"
324,0.301958,"Jul 19, 2017",0.396133,0.238704,"1,099,320",0.390494,"24,649"
325,0.389874,"Jul 18, 2017",0.444567,0.292275,"882,349",0.313423,"12,870"
326,0.312616,"Jul 17, 2017",0.460721,0.260188,"1,181,250",0.419596,"17,681"
327,0.420062,"Jul 16, 2017",0.502311,0.198778,"560,889",0.199236,"10,029"
328,0.199836,"Jul 15, 2017",0.260507,0.199836,"643,895",0.228720,"4,156"
329,0.229113,"Jul 14, 2017",0.282098,0.184946,"790,525",0.280805,"2,489"
330,0.281011,"Jul 13, 2017",0.282234,0.157333,"567,838",0.201704,"8,155"
331,0.201554,"Jul 12, 2017",0.206501,0.147261,"530,109",0.188302,"1,706"
332,0.188582,"Jul 11, 2017",0.194128,0.145911,"411,338",0.146113,"2,123"
333,0.146425,"Jul 10, 2017",0.195987,0.142398,"483,156",0.171624,"1,921"
334,0.171290,"Jul 09, 2017",0.215958,0.140572,"509,725",0.181061,"4,189"
335,0.180899,"Jul 08, 2017",0.181071,0.149085,"423,065",0.150279,"1,549"
336,0.150152,"Jul 07, 2017",0.195544,0.148826,"549,458",0.195175,"2,056"
337,0.195032,"Jul 06, 2017",0.222576,0.160757,"513,327",0.182341,"3,711"
338,0.182250,"Jul 05, 2017",0.198691,0.154457,"555,252",0.197233,"2,865"
339,0.197340,"Jul 04, 2017",0.217065,0.163175,"459,371",0.163175,"4,739"
340,0.163547,"Jul 03, 2017",0.174551,0.141647,"422,957",0.150240,"6,628"
341,0.150795,"Jul 02, 2017",0.191769,0.136205,"426,903",0.151642,"2,442"
342,0.151660,"Jul 01, 2017",0.199739,0.121311,"559,979",0.198912,"8,182"
343,0.174143,"Jun 30, 2017",0.203672,0.037197,"506,759",0.180008,"1,890"
344,0.179650,"Jun 29, 2017",0.189620,0.133147,"461,336",0.163873,"1,859"
345,0.183264,"Jun 28, 2017",0.200528,0.161955,"501,368",0.178093,991
346,0.176940,"Jun 27, 2017",0.200286,0.161479,"556,389",0.197637,"1,298"
347,0.193082,"Jun 26, 2017",0.204386,0.166653,"574,231",0.203975,"1,861"
348,0.204081,"Jun 25, 2017",0.211975,0.168252,"580,738",0.206286,"1,922"
349,0.206761,"Jun 24, 2017",0.220656,0.177191,"616,287",0.218914,"1,527"
350,0.218939,"Jun 23, 2017",0.224735,0.183140,"535,270",0.190135,447
351,0.190135,"Jun 22, 2017",0.202338,0.155726,"569,624",0.202338,176
352,0.202338,"Jun 21, 2017",0.216608,0.147607,"609,796",0.216608,"1,937"
353,0.216608,"Jun 20, 2017",0.262183,0.187333,"738,099",0.262183,"1,988"
354,0.262183,"Jun 19, 2017",0.262191,0.187811,"639,966",0.227325,"1,975"
355,0.227325,"Jun 18, 2017",0.227325,0.175551,"565,769",0.200969,"1,925"
356,0.200969,"Jun 17, 2017",0.218339,0.198004,"614,663",0.218337,"1,284"
357,0.218337,"Jun 16, 2017",0.259242,0.128830,"585,273",0.207897,"7,861"
358,0.208051,"Jun 15, 2017",0.226643,0.171944,"564,437",0.200496,"2,039"
359,0.200505,"Jun 14, 2017",0.273806,0.153197,"676,680",0.240366,"1,702"
360,0.240507,"Jun 13, 2017",0.281851,0.231389,"661,196",0.234866,"3,940"
361,0.235654,"Jun 12, 2017",0.271035,0.173024,"753,546",0.267670,"1,332"
362,0.268026,"Jun 11, 2017",0.271048,0.217698,"745,874",0.264945,"3,689"
363,0.265098,"Jun 10, 2017",0.272308,0.217906,"758,109",0.269291,"3,905"
364,0.268887,"Jun 09, 2017",0.316274,0.265676,"805,819",0.286238,"3,123"
365,0.289684,"Jun 08, 2017",0.320552,0.262380,"786,436",0.279353,"3,523"
366,0.277956,"Jun 07, 2017",0.355557,0.255683,"879,650",0.312464,"3,895"
367,0.312385,"Jun 06, 2017",0.325187,0.238762,"861,278",0.305938,"2,106"
368,0.305016,"Jun 05, 2017",0.305016,0.252880,"817,685",0.290453,"2,598"
369,0.290401,"Jun 04, 2017",0.313704,0.222731,"791,653",0.281206,"4,200"
370,0.281968,"Jun 03, 2017",0.282941,0.248330,"725,692",0.257776,"1,841"
371,0.257890,"Jun 02, 2017",0.257890,0.218838,"708,325",0.251607,"1,185"
372,0.251493,"Jun 01, 2017",0.270535,0.215492,"759,503",0.269786,"2,488"
373,0.269813,"May 31, 2017",0.270224,0.191461,"546,279",0.194046,468
374,0.193288,"May 30, 2017",0.243548,0.191043,"552,419",0.196227,"1,888"
375,0.195999,"May 29, 2017",0.278200,0.186790,"704,392",0.250210,"3,605"
376,0.250718,"May 28, 2017",0.338342,0.180869,"676,291",0.240228,"18,935"
377,0.232149,"May 27, 2017",0.251278,0.175745,"592,978",0.210634,"3,370"
378,0.224402,"May 26, 2017",0.241191,0.190435,"540,314",0.191927,"3,729"
379,0.193347,"May 25, 2017",0.264703,0.179080,"504,167",0.179087,"7,485"
380,0.179425,"May 24, 2017",0.198351,0.171315,"535,950",0.190377,"2,600"
381,0.190148,"May 23, 2017",0.190656,0.156071,"476,775",0.169357,"4,786"
382,0.169605,"May 22, 2017",0.172443,0.136684,"402,394",0.142936,"5,828"
383,0.142456,"May 21, 2017",0.183795,0.134533,"424,381",0.150746,"4,886"
384,0.150504,"May 20, 2017",0.189234,0.127178,"405,910",0.144185,"7,895"
385,0.144342,"May 19, 2017",0.187708,0.121197,"382,831",0.135987,"2,985"
386,0.135909,"May 18, 2017",0.146983,0.112483,"405,823",0.144154,843
387,0.144231,"May 17, 2017",0.150298,0.117671,"379,597",0.134838,673
388,0.134875,"May 16, 2017",0.145035,0.103194,"326,690",0.116045,"2,368"
389,0.116750,"May 15, 2017",0.125828,0.114131,"339,139",0.120467,"2,072"
390,0.120090,"May 14, 2017",0.140006,0.100984,"386,302",0.137220,"2,530"
391,0.136830,"May 13, 2017",0.168354,0.081342,"429,538",0.152578,"2,192"
392,0.142685,"May 12, 2017",0.145406,0.095755,"301,508",0.107100,"3,964"
393,0.106994,"May 11, 2017",0.108863,0.087128,"280,909",0.099783,707
394,0.099604,"May 10, 2017",0.105564,0.086236,"284,462",0.101045,"2,624"
395,0.100978,"May 09, 2017",0.106342,0.097926,"276,340",0.098160,"1,472"
396,0.098129,"May 08, 2017",0.098129,0.082910,"233,774",0.083040,461
397,0.083029,"May 07, 2017",0.094150,0.068918,"194,017",0.068918,"1,120"
398,0.068888,"May 06, 2017",0.093690,0.067072,"261,720",0.092967,"2,988"
399,0.092885,"May 05, 2017",0.094218,0.080941,"240,541",0.085443,"1,255"
400,0.085266,"May 04, 2017",0.089003,0.061105,"209,088",0.074271,"1,413"
401,0.074239,"May 03, 2017",0.099385,0.071607,"274,156",0.097384,919
402,0.097320,"May 02, 2017",0.099684,0.066516,"212,855",0.075609,526
403,0.075639,"May 01, 2017",0.099773,0.075639,"272,691",0.096864,"1,345"
404,0.096834,"Apr 30, 2017",0.122538,0.067256,"248,218",0.088170,"3,751"
405,0.088165,"Apr 29, 2017",0.092412,0.078267,"230,273",0.081796,"4,401"
406,0.081712,"Apr 28, 2017",0.169590,0.064048,"224,474",0.079736,"4,831"
407,0.079736,"Apr 27, 2017",0.107667,0.065747,"300,957",0.106904,"1,210"
